20x20
22222222001111111111
22222202200011111111
22222222222200001111
22222220200000001111
22220002200000000111
22222200000000000011
22220000000000000011
22222200000000000011
22222000000000000111
22220020000000001111
22222022000000000111
22222200000000000011
22222200000000000011
22220000000000000011
22222000000000000011
22222200000000000011
22222220000000001111
22220200000000111111
22222000000000111111
22222200000011111111
nbEnemies:10
0,7,9,15,5,3,1,5,5,3,1,1,0,3,False
0,10,7,15,5,3,1,5,5,3,1,1,0,2,False
0,14,12,15,5,3,1,5,5,3,1,1,0,2,False
0,5,7,15,5,3,1,5,5,3,1,1,0,3,False
1,9,7,15,5,4,1,5,5,3,1,1,1,4,False
1,6,9,15,5,2,1,5,5,3,1,1,1,2,False
0,9,14,15,7,4,1,5,5,3,1,1,0,3,False
1,4,11,15,6,3,1,5,5,3,1,1,1,2,False
0,15,10,15,5,3,1,5,5,3,1,1,0,3,False
2,4,1,40,6,3,5,4,5,5,1,1,0,6,True
9,9
9,10
9,11
11,9
10,10
11,10
10,11
Dialogue;Scene9