20x20
22222222001111111111
22222202200011111111
22222222222200001111
22222220200000001111
22220002200000000111
22222200000000000011
22220000000000000011
22222200000000000011
22222000000000000111
22220020000000001111
22222022000000000111
22222200000000000011
22222200000000000011
22220000000000000011
22222000000000000011
22222200000000000011
22222220000000001111
22220200000000111111
22222000000000111111
22222200000011111111
nbEnemies:11
0,6,2,13,5,4,1,5,5,3,1,1,0,2,False
0,10,3,13,5,4,1,5,5,3,1,1,0,2,False
0,3,4,10,5,3,1,5,5,3,1,1,0,1,False
0,5,7,10,5,3,1,5,5,3,1,1,0,1,False
1,3,3,10,5,3,1,5,5,3,1,1,1,1,False
1,8,9,15,5,5,2,5,5,3,1,1,1,3,False
0,10,10,10,5,3,1,5,5,3,1,1,0,1,False
0,9,14,13,5,3,1,5,5,3,1,1,0,2,False
1,4,11,10,5,3,1,5,5,3,1,1,1,1,False
0,3,12,12,5,3,1,5,5,3,1,1,0,2,False
0,4,1,25,7,5,1,5,5,3,1,1,0,4,True
18,12
17,13
17,12
16,13
16,14
18,14
19,13
Dialogue;Scene8